000 000 000 000 000 000 000 000 000 000 000 000 000
001 045 049 049 065 065 000 000 045 004 005 000 000
002 060 062 063 080 080 000 000 060 004 005 019 000
003 080 082 083 100 100 000 000 080 020 019 006 007
004 039 052 043 060 050 000 000 065 001 008 000 000
005 058 064 058 080 065 000 000 080 001 008 009 000
006 078 084 078 109 085 000 000 100 007 017 009 029
007 044 048 065 050 064 000 000 043 005 010 000 000
008 059 063 080 065 080 000 000 058 005 010 012 000
009 079 083 100 085 105 000 000 078 012 013 011 006
010 040 045 040 035 035 000 000 056 002 025 000 000
011 063 060 055 050 050 000 000 071 002 025 003 000
012 083 080 075 070 070 000 000 101 025 031 030 007
013 090 130 080 065 085 000 000 055 018 006 033 023
014 050 095 180 085 045 000 000 070 012 013 014 016
015 030 035 030 100 035 000 000 080 026 028 000 000
016 045 050 045 115 055 000 000 095 026 028 024 000
017 060 065 060 130 075 000 000 110 021 022 024 032
018 040 030 050 055 055 000 000 100 005 027 000 000
019 060 050 070 080 080 000 000 150 021 022 030 032
020 091 134 095 100 100 000 000 080 006 013 017 030
021 106 110 090 154 090 000 000 130 024 014 034 017