001 妙蛙種子 45 49 49 65 65 45 
002 妙蛙草 60 62 63 80 80 60 
003 妙蛙花 80 82 83 100 100 80 
004 小火龍 39 52 43 60 50 65 
005 火恐龍 58 64 58 80 65 80 
006 噴火龍 78 84 78 109 85 100 
007 傑尼龜 44 48 65 50 64 43 
008 卡咪龜 59 63 80 65 80 58
009 水箭龜 79 83 100 85 105 78 
010 綠毛蟲 45 30 35 20 20 45 
011 鐵甲蛹 50 20 55 25 25 30 
012 巴大蝶 60 45 50 90 80 70 
016 波波 40 45 40 35 35 56 
017 比比鳥 63 60 55 50 50 71 
018 大比鳥 83 80 75 70 70 101 
025 皮卡丘 35 55 40 50 50 90 
026 雷丘 60 90 55 90 80 110 
041 超音蝠 40 45 35 30 40 55 
042 大嘴蝠 75 80 70 65 75 90 
058 卡蒂狗 55 70 45 70 50 60 
059 風速狗 90 110 80 100 80 95 
063 凱西 25 20 15 105 55 90
064 勇基拉 
065 胡地 
066 腕力 
067 豪力 
068 怪力 
074 小拳石 
075 隆隆石 
076 隆隆岩 
079 呆呆獸 
080 呆殼獸 
086 小海獅 
087 白海獅 
091 刺甲貝 
092 鬼斯 
093 鬼斯通 
094 耿鬼 
095 大岩蛇 
096 催眠貘 
097 引夢貘人 
100 霹靂電球 
101 頑皮雷彈 
102 蛋蛋 
103 椰蛋樹 
106 飛腿郎 
107 快拳郎 
109 瓦斯彈 
110 雙彈瓦斯 
111 獨角犀牛 
112 鑽角犀獸 
115 袋獸 
124 迷唇姐 
127 凱羅斯 
129 鯉魚王 
130 暴鯉龍 
131 拉普拉斯 
142 化石翼龍 
143 卡比獸 
144 急凍鳥 
145 閃電鳥 
146 火焰鳥 
147 迷你龍 
148 哈克龍 
149 快龍 
150 超夢 
151 夢幻 